101000000000000100000000100101000000000110000000000000010000000001001001000000010100001110100010000000000001101010000000000000000
000111000101001010101101100101000000010100001000000000011000000001000000000001000011001100100010000000000000001000000000000000000
101000000000000100000000100101000000000100001000000000010000101001000000000001010100001000100010110000100000001001000000010000000
001000000100000100001101100101000000000101001000000000011100000001011001000000000010011100100010000000001000001000001000000000000
101000000000000100000000100101000000000101001000000000010000001001000000000000010100011000100010000000100000001000000001000000000
001000000100000100000000000101000000000000001000000000010000000001001001000000010010001100000010000000001001001000100000000000010
001000110000000100001000000101000000000000000001000000010000010001000000000010000000001000000010000000100001001000000000100000000
110000000101000000000000100101000000000000101000000000110000000001000000000001010010001100000010000000000000001000000000000000000
101000000000000100000000100101000000100000001000000000010000001001000000000001010000001000000010110000000000001001000000010000000
001000000100000100000000000000000000001000001000000100010000000001010000000000111000111100000010000000001001000000010000000010000
101000000000010100001001100000000000000010010000001000010000000001001001000000000000101000000010000000000000001000000000000000000
000000000000000001000000100000000000001001001000000100010001000001000000000001011000001000000010101000000000000001000000010000000
101000000000000100011010000000000000000001001000000000010000000001000000000000000000011100000010000000001001001000010000000000000
000001000110000010101010000000000000000000001000000000010000000001000100000001000000001100000010000000001001001000000000000000000
001000110000000101000000000000000001001000000000000100010000000001000000000000011000001000000010000000101001000000000000000000000
001000000000000101001001000000000001001000001110000101010000000001000000000000000000101100000010100010000000000000000000000000000
101110000100000100000000000000000000011000001000000100010000000001000000000001011000001100000010000000000001000000010000000000000
001000000100000100010000000101000101000011000000000000011100000001001001000000010100001101000010000000000001010000010000000000000
001000000000000101001001100000000000000100001000000000010000000001000000000001000000001100000010110010001000001000000000000000000
101000000000000100010000000101000000000001001000000000010000000001011001000000010100011100000010000000001001000000010000000000000
000000000000000000001001000000100001100000000001000000010000000001000100000000000000001000000011000000101001001000000000000000000
100000000100000000000000000001000001100000001010000000010000000001000000000001010110101100000010110000001000000000000000000000000
101000000000000100000000100000000000000101001000000000010000000001011001000000010100111000000010000000001000001000010000000000000
001000000000000100001001000000000011100100001010000000010000000101000000000001000000101100010010110010000000001000000000000000000
001000000000000100000000100000000000100100000001000000010000000001000100000000010100101100000011000010001000000000000000000000000
101000000100000100001001000000000101000111000000000000010000000001000000000000000000101101000010000000001001011000010000000000000
101000000000100100000000100000010000000101000000000000010000000010001001010000010100101000010010000000000000000000000000000100000
101000000000000100001001101001000000000110000000100000000000000001001001000000000000101000001010000000000000000100000010000100000
000111000100001010100000100000000000000100000000100100010000000001000000000000010100101100010010000000001000001000000000000000000
101000000000000100001001000000000000000100001000100000010000000101000000000001000000101000000110110000000000001000000000000000000
000000000100000000000000100000000000000101000000100000010000000001001101000000010100101100010010000000000000001000010000000000000
100000000000000000011001100000000000000100001000100000010000000001010000000000000010111100000010000000001000001010010000000000000
001000000100100100001101000101010000000110000000001000010000000010101001000000000000001100100010000000000100001000000000000000000
001110000100100100010000000101011000010100000000000000011100000011100000100000010100001100000010000000001010001000010000000000100
101000000000100100011101000101011000000101001000000000010000000011110000000000000000011100000010000000001010001000001000000000000
101000000100100100000000000101010000000110000000001000010000000010100000000000010100001100100010000000000100001000000000000000000
000000000100011000000000010101011000010100011000000000010000000001101001000000010100001100000010000000001010001000100100000000010
101000001000000100000000100101000000010000001001000010000000000001000000001001010100001000000011100100010000001000000000000000000
001110000101000100001001000111000000010000001000000010000000000001001011000000000010001110000010000000001001001000000000000000000
001000000000000100000000100101000000000000001000010010000001000001000000000001010100001000000010111001100000001000000000000000000
100100000010000000011001000101000000010000001000000010001010000001000100000101000000001110000010000000001001001000000000000000000
101100000000000100000000000101000000010001001000000010010000000001000000000000010100011000000010100000001001001000010000001001101